2194573.11
2199617.76	
2222614.83	
2550811.27	
1235909.228	
850221.8
1517975.9
1930291.1	
2261748.6	
2170923	
2166526.8
2259599.2
2273609.7	
2356002.7	
2422646	
2536420.00	
2495925.70	
2643729.80
2553625.67985626	
2478087.8134979	
2667195.22761368	
2651366.94454862	
2651007.76362589	
2684281.50571283
2273609.7	
2356002.7	
2422646	
2536420.00	
2495925.70	
2643729.80
2553625.67985626	
2478087.8134979	
2667195.22761368	
2651366.94454862	
2651007.76362589	
2684281.50571283	
2687482.85905407	
2763623.71566141	
2694315.31496396	
2938171.20456282	
2782762.62437035	
3143045.34688397







